Global net
0|20 3|20 6|20 9|20 12|20 15|20 
0|15 3|15 6|15 9|15 12|15 15|15 
0|10 3|10 6|10 9|10 12|10 15|10 
0|5 3|5 6|5 9|5 12|5 15|5 
0|0 3|0 6|0 9|0 12|0 15|0 
NVTR
0 1 6 7
1 2 7 8
2 3 8 9
3 4 9 10
4 5 10 11
6 7 12 13
7 8 13 14
8 9 14 15
9 10 15 16
10 11 16 17
12 13 18 19
13 14 19 20
14 15 20 21
15 16 21 22
16 17 22 23
18 19 24 25
19 20 25 26
20 21 26 27
21 22 27 28
22 23 28 29
NVCAT
0 2
1 2
2 2
3 1
4 2
5 2
6 2
7 1
8 1
9 1
10 1
11 1
12 1
13 1
14 1
15 1
16 1
17 1
18 1
19 1
NVR1
0 1
1 1
2 1
3 1
4 1
NVR2
0 1
1 1
2 1
3 1
4 1
5 1
NVR3
